1031680
1001710
2826498
1420010
1604135
1217070
1183450
1344970
1203620
1193290
1390020
1042200
1004500
1322920
1330290
1347710
1364670
1434040
1088580
2796520
1486460
1122340
1267280
1302680
1529410
1143870
1172440
2021520
1312970
1057580
1326980
1333070
1352570
1451150
1483740
1310680
1289100
1269320
1339260
1006730
1007340
1441390
1227370
1012070
1012620
1297510
1064980
1252400
1471970
1345430
1928100
1350350
1811920
1171400
1947710
1414650
1337270
1594590
1559160
1156800
1477170
1505600
1320760
1449530
1585230
1208240
1000090
2197150
1516980
1488730
1556370
1203280
2022640
1120410
2038410
1206650
1257040
1351430
1076730
1422050
1552740
1189360
1008460
2820690
1451750
1414470
1163940
1158870
1607180
1409110
1327190
1352320
1456360
1547720
1337270
1338180
1237020
1508550
1555830
1580640
1591110
1310680
1579110
1004800
1589600
2130700
1264330
1257110
1427360
1281690
1604890
