1835640
1357600
1513065
1193420
1042820
1231690
1538160
1051970
1289370
1297960
1312350
1067770
1387500
1417330
1106400
1106620
1490230
1381390
1383240
1287420
1579720
1474910
1324300
1156740
1538440
1589600
1307500
1419370
1535910
1206050
1338240
1002980
1374530
1343110
1202150
1012480
1160820
1461160
1299740
1307040
1268070
1585315
1319220
1583095
1243600
1579840
1193420
1505240
1548720
1470120
1401360
1335440
1256910
1002430
1422770
1587180
1590510
1344130
1287420
1383240
1182030
1474910
1381390
1983730
1555300
1046950
1201970
1047480
1107140
1243560
1063200
1311640
1371670
1578120
1054340
1475160
1243150
1287420
1383240
1182030
1474910
1381390
1983730
1555300
1046950
1201970
1047480
1107140
1243560
1063200
1311640
1371670
1578120
1054340
1475160
1243150
