1404630
1156800
1002100
1002610
1583720
1483150
1483070
1221950
1592340
1312420
1065950
1375970
1375760
1204300
1600280
1313000
1194500
1376460
1500940
1602760
1116840
1121850
1126980
1502390
1386500
1546300
1213400
1432680
1407460
1237680
2264760
1151260
1397350
1514320
1499880
1529530
1277350
1606590
1002390
1407980
1340460
1008420
1445160
1009970
1342550
2015610
1582960
1596780
1457830
1483940
1203380
1303850
1376160
1217150
1313110
1317310
1278940
1146230
1327790
1426590
1409270
1238410
1467710
1204300
1338240
1241880
1360930
1260720
2257550
2083100
1295060
1342550
2425930
1513490
1259210
1311530
1531710
1334080
1343950
1432690
1358450
1169870
1002390
1186540
1512580
1379580
1194900
1019740
1604850
1003710
1487060
1472800
1569570
1477600
1569810
2646460
1222590
1151260
1577310
1404630
1288550
1200220
