1001820
2220600
1213170
1237020
1289220
1059430
1061820
1316380
1443000
1443530
1195430
1101570
1120410
1401400
1536350
1548010
1548220
1415000
1542160
1228650
1002600
1512130
1350110
2731130
1291800
1597040
1891810
1305990
1328190
1465590
1315720
1227560
1202450
1236900
1589500
1323560
1508590
1610400
1896610
1519210
1610460
1315710
1269350
1421980
1002980
1430610
1013050
1608460
2827742
1520670
1447440
1459870
1380840
1308690
1490220
1061820
1547450
1254760
1580600
1578850
1454080
1444680
1625070
1206110
1290800
1239730
1160910
1359240
1171010
1579180
1576400
