1612820
1002340
1289400
1289480
1291050
1612680
1001780
1586820
1541040
1295060
1583250
2020140
2088750
1538960
1612780
1001740
1410800
1270520
1005080
1625780
2133750
1000430
1288850
1174420
1001140
1206900
1270910
1283500
1268990
1269060
1294940
1005340
2020680
1366410
1389780
1387990
1006650
1413240
1443840
1540170
1531710
1577100
1582710
1468900
1010080
1478750
1482290
1552750
1311110
1149830
1021160
1031680
1216170
1067410
1424270
1192700
1251320
1286430
1053350
1369560
1375970
1104780
1505190
1558050
1304970
1159980
1198560
1283510
1326160
2077500
1512850
1002650
1002590
1001990
1001830
1524590
1581930
1557630
1160790
1461140
1579350
1579470
1268060
1585310
1319210
1583090
1578150
1579840
1334470
1334890
1334610
1579860
1334590
1335180
1579880
1335050
1334560
1462000
1922770
1650220
1693050
1824040
1579610
1649490
1578160
1488000
1576100
2612170
1300520
1307230
2583620
1334960
1166290
2219180
1814040
2039350
2056150
2038580
1335070
1587450
2762890
1600790
1006610
1015840
1258520
