1332650
1159980
1175140
2429350
1217730
1222840
1231590
1045340
1047860
1579130
1056700
1061520
1361590
1595650
1378860
1373860
1420900
1328090
1440590
1349410
1341000
1103270
1486680
1512360
1602800
1537300
1541630
1543750
1547810
1555480
1586420
1421970
1554370
1556730
1529330
1214330
1207590
1474850
1501620
1254180
2028970
1194480
2147630
1004710
1333500
2028980
1009010
1189360
1009250
2084840
1400150
1165970
1497190
1228690
1454750
1578790
1517100
1355290
1199520
1435510
1206630
1309930
1318790
1241500
1179760
1511760
1591310
1200840
1121740
1474040
1338850
1582820
1203090
1600460
1388430
2713520
1332960
