1628530
1006970
1000580
1009290
1582920
1006830
1000420
1920240
1288810
1006670
1000320
1577140
1416830
1486650
1578010
1457410
1463520
1133790
1537370
1178590
1301940
1208910
1246700
1296970
1064120
1318970
1318290
1362360
1000160
1316140
1093450
1121380
1519170
1522150
1226440
1243490
1084810
1370420
1542430
1149830
1021160
1216170
1424270
1251320
1053350
1104780
1558050
1002650
1002590
1219980
1175570
1283190
1000930
1001720
1184270
1005900
1189130
1009000
1488000
1656380
1301490
1767090
2220390
2143010
2220400
2038570
2220410
1388740
1301110
1766960
2220420
2121800
2220430
1435650
1072080
1039140
1238460
1574470
1058580
1013980
1137720
1096860
1049180
1049330
1057850
1280770
1065950
1131990
1288080
1443000
1087820
1036290
1401400
1522150
1318970
1121380
1178590
1350080
1220210
1208910
1157070
1013050
1184270
2005860
1163940
1120410
