1307630
1017760
1524590
1193180
1002320
1581930
1420020
1001830
1001990
1002330
1344980
1198550
1192150
1477950
1249950
1275640
1592250
1323080
1048400
1053280
1054850
1358550
1497610
2159290
1514990
1604890
1577670
2827393
1577200
1472660
1472670
1429750
1404975
1418620
1365250
1512610
1588120
1484330
1420470
1334040
1607260
1408220
1207610
1240825
1605510
2028930
1188490
2149890
1576150
1582670
1509480
1012550
1535780
1554530
1477950
1313000
1317170
1486720
1604890
1275640
1309650
1327190
1582310
1217730
1258950
1237820
1472800
1002610
1002190
1404630
1002590
1497610
1102140
1002650
1514990
1129240
1001830
1249900
1001840
1001990
1307630
2222580
1436200
1581930
1524600
1524590
1270390
1579780
1496480
1418410
1634460
1002590
1179330
1192420
1294330
2020070
1002650
1002320
1396840
2007470
1002330
1396860
2009460
1002000
1254790
1191740
1307770
