1201190
1385070
1385170
1055090
1337270
1358340
1419110
1079760
1438690
1600430
1546590
1098390
1485470
1499320
1521400
1227500
1553170
1361490
1343460
1467720
1519290
1588880
1533580
2822320
1593480
1210360
1207240
1347750
1008190
1265070
1460850
1157000
1153670
1257240
1591900
1260720
1381820
1277450
1413610
1413660
1463480
1577280
1174340
1591110
1355120
1012980
1598550
1163420
2272830
1006980
1414150
1008630
1009330
1524610
1525680
1386600
1225710
2101350
2099360
1579640
1401420
1546590
1385070
1593290
1281360
1392100
1405030
1589960
1513440
