1019420
1589730
1044070
1223615
1157070
1258330
1002500
1307850
1270590
1321900
1220210
1327720
1467640
1103090
1580640
1132620
2271230
1273270
1066710
1083590
1098580
1490220
1122650
1522240
1603990
1145310
1579260
1315920
1162940
1387870
1315840
1255890
1194290
1372190
1534890
1243320
1198180
1296400
1473740
1343950
1298790
1410590
1606560
1577980
1154340
1270680
1007310
1415870
1008490
1466940
1163700
1171010
1290800
1392580
1269410
1423310
1352130
1184140
1242160
1555830
1215230
1261010
1375750
1257390
1341170
2260420
1257630
1555310
1307860
2260430
1250810
1332740
1409210
1505130
1241180
1439040
1054300
2225040
1462900
1301330
1307320
1268570
1561470
1579630
1476920
1243850
1335000
2723090
2736890
2737290
1629290
2275300
2737790
2737800
2737900
2719740
1600850
2737910
2738190
2738200
1629300
2738210
2738420
2738430
2738440
2738470
1300670
2738480
1162120
1461560
1300250
1307180
1268170
1561330
1319280
1476730
1243660
1334570
1334480
1334910
1576050
1576060
1579260
1387870
1387500
1231690
1579110
1289220
1289100
1579130
1584660
1548010
1547900
1548220
1584640
1293650
1293640
1293660
